26
7
56
16
96
79
83
81
72
37
77
97
23
85
89
58
84
89
49
9
37
40
83
69
17
2
76
91
21
92
96
75
47
42
33
30
42
82
16
70
57
99
44
41
61
22
72
3
83
48
51
27
80
41
64
86
24
88
99
94
3
92
60
80
41
3
50
81
52
60
17
2
74
80
53
38
97
42
9
95
30
73
9
73
42
70
96
7
79
48
6
55
83
23
67
65
39
64
1
58
73
92
52
24
32
49
53
1
88
26
90
83
79
5
65
31
84
87
39
71
8
43
3
5
54
63
20
52
13
89
100
33
42
51
23
39
22
85
42
93
17
95
19
53
59
24
76
79
58
37
81
52
26
30
51
30
89
47
70
69
30
2
88
100
26
57
41
29
83
26
9
99
46
46
54
13
25
50
47
30
88
41
94
76
8
48
8
12
1
93
50
75
16
74
63
15
7
19
27
3
84
47
97
33
29
83
7
80
76
39
6
39
1
40
82
90
9
13
93
79
49
29
29
90
76
35
84
72
83
39
6
6
23
45
47
41
45
61
48
26
42
28
37
62
87
12
74
76
93
74
7
95
27
49
54
55
19
7
57
94
99
35
97
38
33
100
16
57
94
41
46
48
65
68
37
21
93
67
3
65
61
9
80
10
33
11
80
75
91
92
23
38
5
54
27
7
32
100
30
88
96
17
82
52
29
59
30
60
13
33
63
53
4
92
33
90
55
88
5
23
21
42
67
2
19
8
44
12
41
30
90
94
38
16
70
44
28
29
81
75
81
21
62
58
30
71
35
14
21
38
53
44
95
7
68
54
51
80
33
22
16
19
19
83
44
70
15
88
22
90
63
27
7
31
42
100
80
9
73
49
73
30
91
4
78
46
99
31
49
17
93
48
96
60
59
62
2
80
15
60
56
47
92
32
75
26
38
65
66
68
74
43
7
85
49
86
29
16
5
98
71
85
40
6
97
15
31
47
72
80
98
1
94
13
94
27
39
59
29
52
9
35
66
81
44
51
41
12
11
73
34
87
75
17
90
72
7
87
36
60
95
91
93
86
70
73
49
95
92
23
48
70
88
53
90
37
19
59
62
46
75
20
36
100
47
12
26
78
24
22
20
53
24
69
58
18
42
80
11
71
3
47
20
89
26
64
100
23
28
54
53
48
25
90
86
76
55
94
40
59
48
72
71
70
4
96
47
19
96
73
95
40
49
92
44
29
100
48
74
83
13
4
50
71
70
72
28
34
83
82
63
49
40
53
24
31
76
51
86
31
18
81
27
56
59
14
100
34
47
58
76
8
20
58
47
44
22
1
1
32
68
13
36
14
10
46
100
96
68
13
53
50
62
43
65
32
77
95
12
57
72
95
88
26
7
56
29
82
7
80
10
76
51
54
64
5
45
13
46
14
14
5
66
34
6
27
46
78
94
15
67
27
89
45
61
74
26
11
8
55
18
18
90
89
4
77
100
9
80
60
87
65
49
99
43
68
30
54
21
80
10
52
89
93
13
83
88
7
94
91
80
35
5
92
96
96
16
78
30
30
28
38
98
34
28
3
79
90
2
94
44
72
90
28
45
66
30
97
76
22
89
93
16
90
81
53
60
58
3
48
52
52
25
92
53
72
55
56
66
10
5
98
5
100
47
9
45
77
47
31
67
19
2
9
41
35
23
8
54
75
44
21
87
54
42
92
48
99
76
73
12
74
32
66
18
91
88
16
44
73
8
83
11
73
82
34
51
16
51
19
50
47
3
91
67
84
12
52
59
55
61
46
2
74
19
93
87
36
92
50
47
8
65
82
68
62
11
15
73
9
42
32
48
58
24
65
72
42
100
34
80
37
58
90
12
62
81
37
54
89
47
15
25
2
72
43
83
22
23
6
73
97
79
51
13
30
99
45
51
55
22
46
37
58
71
10
51
75
70
6
81
75
61
84
62
27
8
47
86
82
82
51
20
95
62
83
59
7
77
83
64
37
87
100
68
2
79
67
31
62
93
9
52
17
25
99
37
95
89
86
22
52
59
70
73
72
27
43
97
88
52
44
98
88
43
45
88
62
17
60
49
41
16
24
90
74
99
3
70
63
47
64
19
92
61
13
78
18
28
97
76
36
71
44
11
49
11
64
75
81
11
76
79
29
37
81
36
35
81
99
73
24
73
34
42
89
26
7
28
30
67
71
35
20
85
13
71
73
14
41
64
35
28
90
53
71
85
90
55
81
77
43
38
29
24
52
64
38
2
22
24
4
37
45
14
41
42
59
45
25
